59,168,104,92,98,129,244,238,119,135,94,217,243,29,16,121
180,108,1,197,216,190,49,132,3,15,8,196,255,26,117,218
152,208,152,218,171,196,181,5,233,42,158,73,140,134,102,74
113,218,69,162,199,215,52,200,75,38,224,136,27,64,77,29
75,193,238,248,45,138,162,78,127,104,73,18,233,33,239,240
75,23,145,232,214,195,220,98,141,211,143,72,114,146,156,48
13,24,197,179,125,59,166,49,245,181,102,141,182,141,169,137
40,170,112,132,179,185,21,15,41,244,159,163,244,0,58,20
38,173,128,57,88,179,87,139,242,223,87,64,164,106,101,235
156,234,189,166,118,205,101,20,245,144,106,162,170,205,177,235
43,182,147,129,219,78,166,79,102,187,101,139,203,194,206,254
250,254,118,220,27,109,65,168,176,119,90,33,79,225,147,81
162,123,226,248,155,0,68,47,139,78,84,107,188,47,170,202
157,64,201,167,175,252,40,37,18,42,12,9,36,154,161,193
246,177,192,95,34,105,83,75,33,182,81,60,18,155,127,213
215,122,72,224,67,171,113,62,101,177,218,216,99,170,166,44
140,30,176,236,101,157,242,165,45,238,181,38,25,197,153,167
10,55,236,19,50,225,53,215,170,212,1,239,143,60,18,230
153,130,249,100,75,182,41,158,62,70,60,86,217,12,88,222
70,151,68,41,232,138,102,177,197,205,134,156,209,202,217,248
115,92,18,125,21,67,203,153,183,104,180,143,251,183,209,39
116,115,118,28,47,84,44,110,216,15,140,31,7,253,165,205
242,118,155,125,164,247,14,144,158,16,142,142,216,156,93,217
186,237,233,188,212,237,240,167,94,162,201,158,34,206,83,95
236,114,158,253,172,137,165,180,227,196,39,200,139,215,244,113
148,15,179,99,200,81,222,3,128,74,98,227,12,91,21,186
69,252,143,177,126,242,193,67,208,140,208,66,47,62,123,205
221,52,254,125,202,149,239,13,20,181,145,1,0,198,36,190
36,215,200,202,116,214,100,228,178,222,248,154,71,254,43,178
55,155,31,89,253,14,54,88,187,61,173,33,11,242,231,102
221,230,83,32,143,150,23,10,169,9,133,23,133,233,223,101
207,147,126,221,65,29,131,63,51,211,230,40,52,1,189,231
174,88,171,141,4,147,252,73,120,221,119,54,181,81,47,1
254,42,251,159,26,248,48,27,189,178,56,51,86,229,247,253
136,89,67,86,18,88,13,163,45,157,169,82,97,223,35,77
221,45,44,224,39,164,122,232,182,53,112,89,75,180,162,27
64,71,28,149,119,78,21,53,42,130,145,179,50,116,222,64
118,174,51,137,192,93,41,73,125,234,46,155,176,40,59,84
73,251,169,225,134,132,86,91,67,29,46,137,241,159,236,182
131,77,206,80,193,123,47,30,246,32,111,49,231,21,135,209
232,150,97,39,205,170,185,62,114,119,102,145,165,167,223,227
68,220,126,112,95,73,173,205,48,95,28,46,219,20,145,156
32,215,254,185,179,219,93,141,5,1,94,150,134,86,186,166
166,165,241,252,226,226,164,54,77,78,234,47,171,45,98,110
133,32,156,161,194,185,38,143,57,30,213,237,18,154,84,76
56,50,166,137,107,117,172,87,212,190,139,253,81,12,42,102
202,57,27,62,66,209,128,229,89,235,68,9,121,209,192,137
250,245,165,206,245,141,233,181,41,93,41,153,139,11,161,35
79,75,140,186,243,9,171,70,232,113,147,96,186,113,200,58
195,35,42,40,104,247,6,54,60,139,204,23,232,39,3,28
77,175,162,40,238,216,180,199,245,26,97,208,30,99,125,113
73,246,50,2,59,6,126,136,223,176,79,133,141,154,123,55
116,113,78,179,166,48,199,17,255,48,148,239,31,88,192,141
168,29,70,23,64,29,36,112,212,7,12,248,99,124,47,160
215,205,130,92,55,26,88,179,90,60,225,100,53,109,10,8
246,184,208,150,205,89,164,72,118,222,86,165,139,0,6,7
110,117,240,167,218,172,83,227,184,238,13,200,33,156,192,78
150,38,52,27,33,221,171,138,185,6,254,245,185,161,234,140
48,70,253,2,250,129,37,106,38,150,194,35,35,131,21,186
65,190,204,209,69,28,255,219,119,50,223,130,130,150,221,3
244,146,170,26,158,143,177,3,43,74,196,232,229,137,147,156
183,187,251,163,177,240,20,252,46,109,226,183,175,0,102,207
58,20,249,47,134,254,94,61,130,152,32,38,152,155,169,240
179,106,147,143,181,31,176,241,238,34,243,65,28,16,248,76
146,97,154,96,89,22,192,119,33,249,42,182,251,163,179,103
153,179,123,53,29,78,21,237,206,195,21,120,188,1,30,157
26,107,209,47,240,25,114,252,129,177,240,90,52,188,148,225
35,52,57,246,64,21,178,33,239,83,194,206,12,120,178,186
238,248,186,123,206,78,185,35,189,223,8,194,149,82,163,146
87,190,0,20,182,80,122,219,171,4,22,209,8,206,32,114
103,20,208,142,252,39,127,157,48,121,39,82,132,31,145,4
14,156,7,99,237,16,215,72,5,122,12,225,197,107,253,39
72,8,141,168,177,68,228,74,149,255,111,145,142,150,69,71
59,44,159,241,82,248,134,231,4,175,105,162,213,79,196,3
100,141,148,209,160,7,139,249,220,13,70,159,55,107,246,243
101,166,198,54,142,123,61,13,124,193,54,108,220,81,72,11
58,42,86,49,107,46,118,199,208,250,194,161,234,176,136,212
130,67,12,106,84,145,99,104,157,248,5,51,244,203,55,144
252,120,220,88,43,250,78,29,180,171,0,101,10,86,179,23
125,223,58,245,151,206,19,190,244,113,252,169,157,248,133,131
178,4,175,4,109,41,223,74,197,147,32,64,178,72,109,201
83,15,202,46,85,34,55,140,68,24,41,207,117,244,122,219
236,67,32,1,230,78,217,172,233,5,82,181,205,171,241,250
196,126,133,51,190,36,37,225,96,52,77,106,113,59,33,212
0,138,137,6,204,219,131,24,79,35,168,77,31,26,181,94
123,238,164,47,114,189,205,226,69,220,235,78,140,152,161,229
195,66,144,76,47,30,199,18,234,34,225,57,48,39,134,114
99,176,60,56,115,124,255,251,250,204,69,143,174,171,244,190
111,175,28,217,183,190,61,218,87,56,41,38,158,13,36,42
12,192,29,168,102,47,34,186,16,233,133,208,78,239,47,193
115,173,203,28,40,223,171,52,35,232,131,119,118,152,99,85
214,255,147,193,64,6,163,194,137,30,36,61,37,211,142,25
162,241,210,123,161,196,170,38,72,105,212,224,240,37,128,183
225,179,111,126,21,204,62,215,158,95,233,3,232,186,42,49
141,139,37,153,188,12,86,74,95,51,178,92,121,148,51,146
239,145,36,152,180,166,115,170,116,200,204,247,75,0,157,45
4,178,97,222,36,213,133,45,150,143,102,98,145,235,112,211
31,88,202,109,192,156,183,55,32,33,253,54,68,224,105,148
132,55,133,72,28,34,161,151,156,248,32,107,102,178,89,1
240,116,212,238,21,249,142,69,44,34,31,8,219,211,54,56
36,196,170,216,87,136,173,112,190,130,117,223,137,191,239,144
74,243,117,151,179,206,101,47,32,135,92,28,205,109,206,118
58,113,227,106,67,35,53,153,39,1,234,107,177,82,37,78
124,94,249,89,171,40,217,149,99,116,36,215,217,143,140,114
188,165,178,175,46,183,140,51,17,135,102,151,119,151,56,189
159,196,221,112,182,38,167,196,189,4,47,175,250,205,9,210
116,169,0,188,176,23,249,35,106,1,173,132,82,89,204,97
94,78,243,93,200,193,231,247,123,89,79,41,149,136,49,131
145,1,220,188,166,177,102,94,171,84,93,83,7,90,224,233
63,181,172,166,6,113,39,151,190,127,74,16,202,128,238,94
156,251,138,129,82,167,232,221,34,86,115,146,234,171,5,71
244,69,43,73,56,248,131,226,171,109,132,48,96,221,103,180
124,107,185,135,167,181,6,250,5,106,79,107,58,181,29,2
148,234,122,30,125,164,57,82,3,157,214,255,164,0,218,68
248,203,223,49,35,172,18,29,11,137,201,160,109,98,167,38
163,150,163,229,178,69,170,28,20,241,72,86,251,90,230,15
24,1,141,7,132,205,244,155,26,74,122,0,98,48,33,220
234,82,244,160,187,130,157,189,119,131,254,100,251,134,135,112
115,53,233,232,121,155,185,143,204,232,178,231,124,239,156,17
14,176,43,240,117,226,216,59,106,105,191,28,136,24,103,165
59,70,3,186,251,97,134,240,110,217,158,23,225,34,76,185
37,128,88,139,206,124,42,74,227,153,196,100,9,181,187,197
160,79,89,241,27,63,108,57,85,146,19,135,57,169,10,113
195,140,133,57,121,201,216,214,29,166,57,95,197,9,221,87
16,241,105,48,213,41,255,72,113,107,154,150,34,166,89,179
11,184,84,18,198,151,63,234,18,93,74,20,174,68,185,140
74,45,70,90,80,95,182,89,193,35,174,219,225,24,205,172
235,166,223,169,21,216,72,64,132,1,148,20,55,137,232,56
87,96,242,119,174,155,63,160,123,158,43,5,237,173,66,210
184,80,84,133,52,216,133,59,215,149,92,116,160,135,126,203
120,223,233,139,245,204,10,91,172,88,79,6,26,78,139,229
156,161,219,8,206,61,152,95,215,121,44,238,164,248,145,1
33,153,153,123,81,252,42,103,131,197,221,12,59,243,216,115
149,217,51,127,249,48,78,31,66,26,109,41,176,23,78,6
221,14,10,136,220,97,158,255,243,122,101,104,200,195,79,35
44,96,32,56,176,56,239,250,122,33,140,28,9,213,228,253
190,93,47,239,64,92,52,126,230,234,123,20,228,206,80,46
128,167,8,199,172,27,187,79,105,183,119,148,139,245,155,212
189,157,169,217,172,181,86,165,192,137,3,97,74,111,25,36
103,201,110,61,153,0,203,242,103,102,199,163,150,104,95,52
94,242,76,103,171,170,172,145,165,6,241,19,98,114,123,34
49,11,140,99,240,191,96,255,13,205,18,136,58,119,4,189
80,71,238,197,205,118,36,167,195,166,9,248,218,26,115,225
14,126,147,92,124,143,26,128,35,129,108,4,237,229,45,34
91,17,114,62,126,64,75,67,33,70,240,8,224,156,232,246
108,67,118,147,253,199,62,43,69,77,12,125,121,62,29,183
162,42,165,50,174,138,45,56,111,248,73,161,174,145,5,161
21,190,114,171,87,39,154,71,231,129,74,55,180,127,137,243
124,179,144,201,74,44,70,171,255,232,90,132,5,211,145,203
57,210,3,112,200,114,222,118,41,77,78,92,234,205,157,94
226,135,129,60,23,110,172,61,9,64,122,85,88,188,248,113
213,157,149,234,51,239,206,68,31,197,180,57,219,166,113,189
222,172,51,236,8,136,92,2,157,39,171,33,5,89,222,143
158,84,233,77,252,212,244,193,99,90,109,92,252,123,225,240
180,50,105,63,113,244,198,125,252,203,90,108,178,44,89,25
195,86,167,61,76,215,126,242,142,249,218,78,150,248,113,5
106,233,68,50,149,116,84,85,72,160,232,232,115,6,111,134
5,146,234,212,103,71,214,35,38,247,129,226,61,77,195,92
19,230,15,86,157,19,90,209,4,179,243,239,97,165,198,86
162,209,154,195,101,127,28,40,182,198,201,133,54,219,37,189
11,185,195,154,220,217,110,191,208,124,226,68,76,190,204,171
160,42,122,8,46,121,63,4,252,209,233,232,153,102,91,45
212,181,164,18,145,170,247,202,234,115,173,53,212,109,195,148
34,234,12,247,174,246,254,117,14,111,168,203,191,68,63,47
212,192,96,78,63,248,108,197,165,253,215,64,138,130,92,178
49,22,196,168,80,179,144,25,33,143,214,53,13,182,72,60
39,46,142,68,211,240,202,238,77,55,36,67,73,6,23,161
80,61,141,227,162,126,89,176,15,7,251,251,78,18,212,189
137,255,85,120,142,46,180,197,45,64,41,170,121,14,175,24
168,199,232,128,170,196,35,185,178,220,224,159,214,25,38,203
31,16,224,155,84,243,95,41,38,162,224,241,119,137,201,61
103,224,25,37,74,81,191,36,7,80,218,143,188,73,92,160
5,56,207,205,49,64,209,233,39,116,93,0,112,73,80,176
107,151,144,151,191,250,239,36,85,154,246,156,150,245,15,105
249,151,164,213,177,130,186,212,23,43,168,128,233,90,47,153
202,173,82,119,162,57,160,81,166,125,204,9,85,101,125,207
122,194,132,19,200,137,212,178,107,122,160,244,87,109,218,62
245,198,14,141,81,230,229,166,163,15,144,162,193,19,58,71
217,0,159,58,223,253,83,102,239,133,97,83,170,53,199,182
164,43,88,126,58,226,107,6,61,176,113,160,137,84,163,190
17,23,249,183,118,211,128,67,196,48,176,148,245,16,37,1
181,193,213,230,207,240,79,18,232,201,193,217,152,130,55,66
158,175,193,190,6,62,245,171,230,68,221,36,103,15,64,1
39,255,229,210,89,61,127,74,214,74,183,187,10,202,26,120
225,190,187,140,207,14,87,205,20,68,184,147,169,97,98,174
119,152,57,92,135,36,87,182,103,28,109,191,233,155,26,46
195,138,237,9,152,76,186,147,214,199,132,22,240,155,137,160
224,186,227,203,216,137,240,246,180,114,21,27,52,250,97,103
215,155,187,129,233,161,26,31,77,153,178,255,46,174,69,226
191,183,238,131,183,51,87,211,35,152,26,64,230,12,122,163
71,225,80,87,112,47,58,225,64,247,19,35,250,220,215,112
62,228,113,73,98,61,223,44,33,140,71,38,130,181,235,162
207,119,211,22,2,144,4,109,70,133,27,98,139,93,86,165
149,255,129,74,159,226,164,33,30,51,167,165,189,208,145,44
181,170,64,192,152,193,212,80,100,26,181,167,37,97,42,199
25,209,185,204,107,247,60,160,234,120,213,14,176,206,155,157
55,255,58,111,223,162,0,87,40,21,71,202,30,235,89,118
148,215,53,41,17,95,63,38,119,238,140,160,9,230,10,114
200,77,76,33,223,12,165,48,56,185,152,227,234,52,187,101
186,196,19,17,89,93,246,226,77,50,195,121,23,165,228,201
12048
